date: 2024-04-24 2024-04-25 2024-04-26 2024-04-27 2024-04-28 2024-04-29
weather_code: 3.0 61.0 3.0 55.0 3.0 63.0
temperature_max: 54.9464 52.6064 61.9664 52.2464 52.6064 48.4664
temperature_min: 44.2364 47.1164 48.6464 47.9264 42.796402 40.0064
precipitation_sum: 0.0 0.22440945 0.0 0.1456693 0.0 0.2952756
wind_speed_max: 9.309791 10.116089 8.249648 10.711936 13.588738 7.4495792
precipitation_probability_max: 45.0 100.0 100.0 100.0 97.0 100.0